00.00  006  013  000   1.482925      2.18752e-13
00.50  006  013  000   1.434891      1.96327e-13
00.00  006  013  000   1.482925      2.18752e-13
00.00  006  013  000   1.482925      2.18752e-13
00.50  006  013  000   1.434891      1.96327e-13
01.00  006  013  000   1.464386      2.07804e-13
01.50  006  013  000   1.524731       2.0111e-13
02.00  006  013  000   1.836725      6.73494e-14
02.50  006  013  000   3.461832       4.3827e-13
03.00  006  013  000   9.598038      5.89739e-13
03.50  006  013  000   6.110716      3.40824e-13
04.00  006  013  000   4.076777      2.35518e-13
04.50  006  013  000   3.307865       8.8949e-14
05.00  006  013  000   3.179807      5.89574e-13
05.50  006  013  000   3.804205      7.85216e-14
06.00  006  013  000   5.228544      1.77238e-13
06.50  006  013  000   3.589682      4.20829e-14
07.00  006  013  000   2.320022      1.20215e-13
07.50  006  013  000   1.700199      3.66533e-14
08.00  006  013  000   1.282669      6.40989e-14
08.50  006  013  000   0.983473      1.28557e-14
09.00  006  013  000   0.766204      5.11222e-14
09.50  006  013  000   0.609681      2.62354e-14
10.00  006  013  000   0.499161      5.25288e-13
